   9.87027    0.00000    0.00000  161.00000
   9.39976   17.50000    0.00000  337.50000
   7.67922   17.50000    0.00000   92.50000
   6.25776    0.00000   15.50000  143.00000
   5.82431    0.00000   12.00000  229.50000
   5.57151    4.50000    0.00000   55.50000
   5.56763   17.50000   20.00000  149.50000
   5.52278    0.00000   10.50000  174.00000
   5.27638    0.00000   15.00000  114.50000
   5.13141    9.50000   10.00000  214.50000
   5.01566    0.00000   22.50000  180.50000
   4.92211    0.00000    0.00000  133.50000
   4.83495   17.50000    0.00000  201.50000
   4.58708    0.50000   23.50000   15.50000
   4.51677   12.00000    0.00000  148.00000
   4.42634    1.50000    0.00000  275.50000
   4.37098   17.50000   23.50000   69.00000
   4.12924    7.50000   23.50000  166.00000
   3.79592    6.00000    3.00000  331.50000
   3.61044   10.50000   20.50000   72.00000
   3.57814   11.50000   15.50000    2.50000
   3.46595   17.50000   23.50000  283.50000
